166
1 0.80
2 1.05
3 1.40
4 1.75
4 3.60
3 3.95
2 4.30
1 4.65
1 6.40
2 6.75
3 7.10
4 7.45
4 9.15
3 9.50
2 9.85
1 10.25
1 13.40
2 13.40
3 14.80
4 14.80
1 16.20
4 16.20
2 17.60
3 17.60
1 19.00
2 20.40
3 21.80
4 23.20
1 24.60
1 24.95
2 25.30
2 25.65
3 26.00
3 26.35
3 26.70
4 27.40
4 27.75
3 28.10
3 28.45
2 28.80
2 29.15
2 29.50
1 30.20
4 30.20
1 30.55
4 30.55
2 30.90
3 30.90
2 31.25
3 31.25
2 31.60
3 31.60
1 32.65
4 33.00
1 33.35
4 33.525
1 34.05
4 34.40
3 35.45
2 35.80
3 36.85
2 37.20
1 38.60
3 38.60
2 39.30
4 39.30
2 40.35
4 40.35
1 40.70
3 40.70
1 41.40
3 41.40
2 41.75
4 41.75
1 43.15
4 43.50
4 43.85
3 44.55
3 44.90
2 45.25
1 45.60
2 45.95
3 46.30
4 46.65
1 47.00
2 47.35
3 47.70
4 48.05
1 48.75
4 48.75
1 49.45
2 49.45
3 50.15
4 50.15
1 50.675
2 50.675
3 50.675
4 50.675
1 52.95
2 53.30
3 53.65
2 54.00
3 54.35
1 55.05
2 55.05
2 55.40
3 55.40
3 55.75
4 55.75
4 57.85
3 58.20
2 58.55
1 58.90
2 59.25
3 59.60
1 60.65
3 60.65
2 61.00
4 61.00
1 61.35
3 61.35
2 61.70
4 61.70
1 62.05
3 62.05
2 62.40
4 62.40
1 62.75
3 62.75
2 63.10
4 63.10
4 63.45
4 63.80
4 64.15
1 64.50
2 64.85
1 65.20
2 65.55
1 66.25
4 66.25
2 66.775
3 66.775
2 67.125
3 67.125
1 69.05
2 69.225
3 69.40
4 69.75
3 70.10
4 70.45
2 70.80
1 71.15
2 71.50
3 71.675
1 71.85
2 71.85
3 72.20
4 72.20
1 72.55
2 72.55
2 74.65
3 74.65
1 75.00
2 75.00
3 75.00
4 75.00