180
1 1.0
2 2.4
3 3.7
4 5.0
4 6.25
3 7.6
2 8.75
3 10.25
4 10.5
3 11.3
4 11.6
1 11.9
2 12.35
3 12.75
4 13.35
3 13.60
4 14.1
3 14.35
4 14.7
3 15.0
4 15.3
3 15.65
4 15.95
3 16.35
4 16.65
1 19.20
2 19.45
1 19.85
2 20.15
1 20.45
2 20.80
1 21.15
2 21.45
1 21.80
2 22.15
3 22.50
4 24.30
3 25.60
2 26.95
1 28.25
2 29.55
3 30.30
4 30.80
4 32.10
1 32.10
1 33.45
2 33.55
3 33.65
4 33.90
2 34.70
3 34.70
1 35.00
4 35.00
2 35.30
3 35.30
1 35.60
4 35.60
2 35.90
3 35.90
1 36.20
4 36.20
2 36.50
3 36.50
1 36.80
4 36.80
2 37.10
3 37.10
1 37.40
4 37.40
2 37.70
3 37.70
1 38.00
4 38.00
2 38.30
3 38.30
1 38.60
4 38.60
2 38.90
3 38.90
1 39.20
4 39.20
2 39.50
3 39.50
1 39.80
4 39.80
2 40.10
3 40.10
1 40.40
4 40.40
2 40.70
3 40.70
1 41.00
4 41.00
2 41.30
3 41.30
1 41.60
4 41.60
2 41.90
3 41.90
1 42.20
4 42.20
2 42.50
3 42.50
1 42.80
4 42.80
2 43.10
3 43.10
1 43.40
4 43.40
2 43.70
3 43.70
1 45.00
4 45.00
2 45.25
3 45.25
1 45.45
4 45.45
4 46.85
1 47.10
2 47.55
3 47.80
2 48.10
4 50.10
3 50.35
2 50.65
3 52.70
2 52.80
3 53.20
2 53.60
3 53.90
4 54.05
4 54.75
3 54.90
1 55.35
2 55.65
3 55.80
1 56.10
4 56.10
1 56.45
2 56.45
3 56.45
4 56.45
1 58.00
2 58.00
3 58.40
4 58.40
1 58.85
2 58.85
3 59.40
4 59.40
1 59.80
2 59.80
4 60.40
3 60.85
2 61.80
1 61.90
3 62.30
4 62.45
1 63.15
2 63.55
3 64.35
4 64.45
3 64.55
2 64.85
1 65.20
4 65.65
3 65.65
4 66.30
3 66.90
2 66.90
2 67.90
3 67.90
1 68.20
4 68.20
2 68.90
3 68.90
1 69.55
2 69.55
3 69.85
4 69.85