74
1 0.80
2 1.05
3 1.40
4 1.75
4 3.60
3 3.95
2 4.30
1 4.65
1 6.40
2 6.75
3 7.10
4 7.45
4 9.15
3 9.50
2 9.85
1 10.25
1 13.40
2 13.40
3 14.80
4 14.80
1 16.20
4 16.20
2 17.60
3 17.60
1 19.00
2 20.40
3 21.80
4 23.20
1 24.60
1 24.95
2 25.30
2 25.65
3 26.00
3 26.35
3 26.70
4 27.40
4 27.75
3 28.10
3 28.45
2 28.80
2 29.15
2 29.50
1 30.20
4 30.20
1 30.55
4 30.55
2 30.90
3 30.90
2 31.25
3 31.25
2 31.60
3 31.60
1 32.65
4 33.00
1 33.35
4 33.525
1 34.05
4 34.40
3 35.45
2 35.80
3 36.85
2 37.20
1 38.60
3 38.60
2 39.30
4 39.30
2 40.35
4 40.35
1 40.70
3 40.70
1 41.40
3 41.40
2 41.75
4 41.75